xof 0303txt 0032

template AnimTicksPerSecond {
  <9E415A43-7BA6-4a73-8743-B73D47E88476>
  DWORD AnimTicksPerSecond;
}

template XSkinMeshHeader {
  <3cf169ce-ff7c-44ab-93c0-f78f62d172e2>
  WORD nMaxSkinWeightsPerVertex;
  WORD nMaxSkinWeightsPerFace;
  WORD nBones;
}

template SkinWeights {
  <6f0d123b-bad2-4167-a0d0-80224f25fabb>
  STRING transformNodeName;
  DWORD nWeights;
  array DWORD vertexIndices[nWeights];
  array float weights[nWeights];
  Matrix4x4 matrixOffset;
}

Frame Root {
  FrameTransformMatrix {
     1.000000, 0.000000, 0.000000, 0.000000,
     0.000000,-0.000000,-1.000000, 0.000000,
     0.000000, 1.000000,-0.000000, 0.000000,
     0.000000, 0.000000, 0.000000, 1.000000;;
  }
  Frame Armature_arms {
    FrameTransformMatrix {
       1.000000, 0.000000, 0.000000, 0.000000,
       0.000000, 1.000000, 0.000000, 0.000000,
       0.000000, 0.000000, 1.000000, 0.000000,
       0.000000, 0.000000, 0.000000, 1.000000;;
    }
    Frame Armature_arms_torse {
      FrameTransformMatrix {
         1.000000, 0.000000, 0.000000, 0.000000,
         0.000000, 0.000000,-1.000000, 0.000000,
         0.000000, 1.000000, 0.000000, 0.000000,
         0.000000, 0.000000, 1.000000, 1.000000;;
      }
      Frame Armature_arms_bras_droit {
        FrameTransformMatrix {
           0.390291, 0.501638, 0.772031, 0.000000,
          -0.772031, 0.635189,-0.022432, 0.000000,
          -0.501638,-0.587277, 0.635189, 0.000000,
          -1.013415, 1.373174, 0.405577, 1.000000;;
        }
        Frame Armature_arms_avant_bras_droit {
          FrameTransformMatrix {
             0.997586, 0.006404,-0.069143, 0.000000,
            -0.012947, 0.995432,-0.094594, 0.000000,
             0.068221, 0.095261, 0.993112, 0.000000,
             0.000000, 0.984650,-0.000000, 1.000000;;
          }
          Frame Armature_arms_main_droit {
            FrameTransformMatrix {
               0.997171,-0.013913, 0.073870, 0.000000,
               0.006261, 0.994680, 0.102824, 0.000000,
              -0.074908,-0.102070, 0.991953, 0.000000,
               0.000000, 1.087860,-0.000000, 1.000000;;
            }
            Frame Armature_arms_annulaire_droit_1 {
              FrameTransformMatrix {
                 0.995077,-0.020403,-0.096978, 0.000000,
                 0.009406, 0.993604,-0.112532, 0.000000,
                 0.098654, 0.111066, 0.988904, 0.000000,
                 0.044232, 0.156004,-0.010780, 1.000000;;
              }
              Frame Armature_arms_annulaire_droit_2 {
                FrameTransformMatrix {
                   0.954884, 0.294838,-0.035593, 0.000000,
                  -0.292720, 0.914181,-0.280336, 0.000000,
                  -0.050115, 0.278107, 0.959242, 0.000000,
                  -0.000000, 0.276235, 0.000000, 1.000000;;
                }
                Frame Armature_arms_annulaire_droit_3 {
                  FrameTransformMatrix {
                     0.944840, 0.326226, 0.029219, 0.000000,
                    -0.307825, 0.914929,-0.261054, 0.000000,
                    -0.111896, 0.237660, 0.964882, 0.000000,
                     0.000000, 0.149407, 0.000000, 1.000000;;
                  }
                  Frame Armature_arms_annulaire_droit_4 {
                    FrameTransformMatrix {
                       0.999020, 0.035323, 0.026685, 0.000000,
                      -0.034815, 0.999208,-0.019280, 0.000000,
                      -0.027345, 0.018332, 0.999458, 0.000000,
                      -0.000000, 0.139548,-0.000000, 1.000000;;
                    }
                  } // End of Armature_arms_annulaire_droit_4
                } // End of Armature_arms_annulaire_droit_3
              } // End of Armature_arms_annulaire_droit_2
            } // End of Armature_arms_annulaire_droit_1
            Frame Armature_arms_auriculaire_droit_1 {
              FrameTransformMatrix {
                 0.974989,-0.064937,-0.212554, 0.000000,
                 0.010240, 0.968474,-0.248905, 0.000000,
                 0.222016, 0.240503, 0.944916, 0.000000,
                 0.073923, 0.140248,-0.060871, 1.000000;;
              }
              Frame Armature_arms_auriculaire_droit_2 {
                FrameTransformMatrix {
                   0.956947, 0.260283, 0.128472, 0.000000,
                  -0.243128, 0.960544,-0.135069, 0.000000,
                  -0.158559, 0.098019, 0.982472, 0.000000,
                  -0.000000, 0.278163, 0.000000, 1.000000;;
                }
                Frame Armature_arms_auriculaire_droit_3 {
                  FrameTransformMatrix {
                     0.958566, 0.280737,-0.048346, 0.000000,
                    -0.282794, 0.917332,-0.280231, 0.000000,
                    -0.034322, 0.282292, 0.958714, 0.000000,
                    -0.000000, 0.118255, 0.000000, 1.000000;;
                  }
                  Frame Armature_arms_auriculaire_droit_4 {
                    FrameTransformMatrix {
                       0.990534, 0.023113, 0.135307, 0.000000,
                      -0.029454, 0.998550, 0.045050, 0.000000,
                      -0.134070,-0.048608, 0.989779, 0.000000,
                      -0.000000, 0.089779, 0.000000, 1.000000;;
                    }
                  } // End of Armature_arms_auriculaire_droit_4
                } // End of Armature_arms_auriculaire_droit_3
              } // End of Armature_arms_auriculaire_droit_2
            } // End of Armature_arms_auriculaire_droit_1
            Frame Armature_arms_index_droit_1 {
              FrameTransformMatrix {
                 0.974895, 0.113851, 0.191356, 0.000000,
                -0.137966, 0.983408, 0.117790, 0.000000,
                -0.174771,-0.141234, 0.974427, 0.000000,
                -0.041319, 0.153569, 0.081944, 1.000000;;
              }
              Frame Armature_arms_index_droit_2 {
                FrameTransformMatrix {
                   0.949303, 0.025007,-0.313366, 0.000000,
                  -0.141611, 0.923979,-0.355260, 0.000000,
                   0.280659, 0.381625, 0.880677, 0.000000,
                   0.000000, 0.298319,-0.000000, 1.000000;;
                }
                Frame Armature_arms_index_droit_3 {
                  FrameTransformMatrix {
                     0.887462, 0.449704,-0.100884, 0.000000,
                    -0.447010, 0.786580,-0.425998, 0.000000,
                    -0.112220, 0.423153, 0.899081, 0.000000,
                     0.000000, 0.187112, 0.000000, 1.000000;;
                  }
                  Frame Armature_arms_index_droit_4 {
                    FrameTransformMatrix {
                       0.984427, 0.051350, 0.168128, 0.000000,
                      -0.054066, 0.998470, 0.011613, 0.000000,
                      -0.167274,-0.020523, 0.985697, 0.000000,
                      -0.000000, 0.134572,-0.000000, 1.000000;;
                    }
                  } // End of Armature_arms_index_droit_4
                } // End of Armature_arms_index_droit_3
              } // End of Armature_arms_index_droit_2
              Frame Armature_arms_pouce_droit_1 {
                FrameTransformMatrix {
                   0.630955, 0.248482, 0.734951, 0.000000,
                  -0.600334, 0.756429, 0.259643, 0.000000,
                  -0.491421,-0.605039, 0.626445, 0.000000,
                  -0.090931,-0.025723,-0.010522, 1.000000;;
                }
                Frame Armature_arms_pouce_droit_2 {
                  FrameTransformMatrix {
                     0.948143,-0.035958,-0.315802, 0.000000,
                    -0.029394, 0.979402,-0.199769, 0.000000,
                     0.316481, 0.198692, 0.927557, 0.000000,
                     0.000000, 0.204094, 0.000000, 1.000000;;
                  }
                  Frame Armature_arms_pouce_droit_3 {
                    FrameTransformMatrix {
                       0.981859, 0.099932,-0.161139, 0.000000,
                      -0.117298, 0.987833,-0.102112, 0.000000,
                       0.148975, 0.119161, 0.981635, 0.000000,
                       0.000000, 0.147964,-0.000000, 1.000000;;
                    }
                  } // End of Armature_arms_pouce_droit_3
                } // End of Armature_arms_pouce_droit_2
              } // End of Armature_arms_pouce_droit_1
            } // End of Armature_arms_index_droit_1
            Frame Armature_arms_majeure_droit_1 {
              FrameTransformMatrix {
                 0.994984, 0.076214, 0.064794, 0.000000,
                -0.077415, 0.996867, 0.016229, 0.000000,
                -0.063354,-0.021164, 0.997767, 0.000000,
                 0.007923, 0.163554, 0.037474, 1.000000;;
              }
              Frame Armature_arms_majeure_droit_2 {
                FrameTransformMatrix {
                   0.969881, 0.026532,-0.242128, 0.000000,
                  -0.101953, 0.947002,-0.304618, 0.000000,
                   0.221213, 0.320129, 0.921185, 0.000000,
                  -0.000000, 0.275574,-0.000000, 1.000000;;
                }
                Frame Armature_arms_majeure_droit_3 {
                  FrameTransformMatrix {
                     0.789646, 0.605052, 0.101845, 0.000000,
                    -0.510077, 0.739606,-0.439094, 0.000000,
                    -0.341000, 0.294780, 0.892650, 0.000000,
                     0.000000, 0.189971,-0.000000, 1.000000;;
                  }
                  Frame Armature_arms_majeure_droit_4 {
                    FrameTransformMatrix {
                       0.998183, 0.056257,-0.021579, 0.000000,
                      -0.057296, 0.997053,-0.051012, 0.000000,
                       0.018646, 0.052155, 0.998465, 0.000000,
                      -0.000000, 0.143527,-0.000000, 1.000000;;
                    }
                  } // End of Armature_arms_majeure_droit_4
                } // End of Armature_arms_majeure_droit_3
              } // End of Armature_arms_majeure_droit_2
            } // End of Armature_arms_majeure_droit_1
          } // End of Armature_arms_main_droit
        } // End of Armature_arms_avant_bras_droit
      } // End of Armature_arms_bras_droit
      Frame Armature_arms_bras_gauche {
        FrameTransformMatrix {
           0.390291,-0.501638,-0.772031, 0.000000,
           0.772031, 0.635189,-0.022432, 0.000000,
           0.501638,-0.587277, 0.635189, 0.000000,
           1.013415, 1.373174, 0.405577, 1.000000;;
        }
        Frame Armature_arms_avant_bras_gauche {
          FrameTransformMatrix {
             0.997586,-0.006404, 0.069143, 0.000000,
             0.012947, 0.995432,-0.094594, 0.000000,
            -0.068221, 0.095261, 0.993112, 0.000000,
            -0.000000, 0.984650,-0.000000, 1.000000;;
          }
          Frame Armature_arms_main_gauche {
            FrameTransformMatrix {
               0.997171, 0.013913,-0.073870, 0.000000,
              -0.006261, 0.994680, 0.102824, 0.000000,
               0.074908,-0.102070, 0.991953, 0.000000,
              -0.000000, 1.087860,-0.000000, 1.000000;;
            }
            Frame Armature_arms_annulaire_gauche_1 {
              FrameTransformMatrix {
                 0.995077, 0.020403, 0.096978, 0.000000,
                -0.009406, 0.993604,-0.112532, 0.000000,
                -0.098654, 0.111066, 0.988904, 0.000000,
                -0.044232, 0.156004,-0.010780, 1.000000;;
              }
              Frame Armature_arms_annulaire_gauche_2 {
                FrameTransformMatrix {
                   0.954884,-0.294838, 0.035593, 0.000000,
                   0.292720, 0.914181,-0.280336, 0.000000,
                   0.050115, 0.278107, 0.959242, 0.000000,
                   0.000000, 0.276235, 0.000000, 1.000000;;
                }
                Frame Armature_arms_annulaire_gauche_3 {
                  FrameTransformMatrix {
                     0.944840,-0.326226,-0.029219, 0.000000,
                     0.307825, 0.914929,-0.261054, 0.000000,
                     0.111896, 0.237660, 0.964882, 0.000000,
                    -0.000000, 0.149407, 0.000000, 1.000000;;
                  }
                  Frame Armature_arms_annulaire_gauche_4 {
                    FrameTransformMatrix {
                       0.999020,-0.035323,-0.026685, 0.000000,
                       0.034815, 0.999208,-0.019280, 0.000000,
                       0.027345, 0.018332, 0.999458, 0.000000,
                       0.000000, 0.139548,-0.000000, 1.000000;;
                    }
                  } // End of Armature_arms_annulaire_gauche_4
                } // End of Armature_arms_annulaire_gauche_3
              } // End of Armature_arms_annulaire_gauche_2
            } // End of Armature_arms_annulaire_gauche_1
            Frame Armature_arms_auriculaire_gauche_1 {
              FrameTransformMatrix {
                 0.974989, 0.064937, 0.212554, 0.000000,
                -0.010240, 0.968474,-0.248905, 0.000000,
                -0.222016, 0.240503, 0.944916, 0.000000,
                -0.073923, 0.140248,-0.060871, 1.000000;;
              }
              Frame Armature_arms_auriculaire_gauche_2 {
                FrameTransformMatrix {
                   0.956947,-0.260283,-0.128472, 0.000000,
                   0.243128, 0.960544,-0.135069, 0.000000,
                   0.158559, 0.098019, 0.982472, 0.000000,
                   0.000000, 0.278163, 0.000000, 1.000000;;
                }
                Frame Armature_arms_auriculaire_gauche_3 {
                  FrameTransformMatrix {
                     0.958566,-0.280737, 0.048346, 0.000000,
                     0.282794, 0.917332,-0.280231, 0.000000,
                     0.034322, 0.282292, 0.958714, 0.000000,
                     0.000000, 0.118255, 0.000000, 1.000000;;
                  }
                  Frame Armature_arms_auriculaire_gauche_4 {
                    FrameTransformMatrix {
                       0.990534,-0.023113,-0.135307, 0.000000,
                       0.029454, 0.998550, 0.045050, 0.000000,
                       0.134070,-0.048608, 0.989779, 0.000000,
                       0.000000, 0.089779, 0.000000, 1.000000;;
                    }
                  } // End of Armature_arms_auriculaire_gauche_4
                } // End of Armature_arms_auriculaire_gauche_3
              } // End of Armature_arms_auriculaire_gauche_2
            } // End of Armature_arms_auriculaire_gauche_1
            Frame Armature_arms_index_gauche_1 {
              FrameTransformMatrix {
                 0.974895,-0.113851,-0.191356, 0.000000,
                 0.137966, 0.983408, 0.117790, 0.000000,
                 0.174771,-0.141234, 0.974427, 0.000000,
                 0.041319, 0.153569, 0.081944, 1.000000;;
              }
              Frame Armature_arms_index_gauche_2 {
                FrameTransformMatrix {
                   0.949303,-0.025007, 0.313366, 0.000000,
                   0.141611, 0.923979,-0.355260, 0.000000,
                  -0.280659, 0.381625, 0.880677, 0.000000,
                  -0.000000, 0.298319,-0.000000, 1.000000;;
                }
                Frame Armature_arms_index_gauche_3 {
                  FrameTransformMatrix {
                     0.887462,-0.449704, 0.100884, 0.000000,
                     0.447010, 0.786580,-0.425998, 0.000000,
                     0.112220, 0.423153, 0.899081, 0.000000,
                    -0.000000, 0.187112, 0.000000, 1.000000;;
                  }
                  Frame Armature_arms_index_gauche_4 {
                    FrameTransformMatrix {
                       0.984427,-0.051350,-0.168128, 0.000000,
                       0.054066, 0.998470, 0.011613, 0.000000,
                       0.167274,-0.020523, 0.985697, 0.000000,
                       0.000000, 0.134572,-0.000000, 1.000000;;
                    }
                  } // End of Armature_arms_index_gauche_4
                } // End of Armature_arms_index_gauche_3
              } // End of Armature_arms_index_gauche_2
              Frame Armature_arms_pouce_gauche_1 {
                FrameTransformMatrix {
                   0.630955,-0.248482,-0.734951, 0.000000,
                   0.600334, 0.756429, 0.259643, 0.000000,
                   0.491421,-0.605039, 0.626445, 0.000000,
                   0.090931,-0.025723,-0.010522, 1.000000;;
                }
                Frame Armature_arms_pouce_gauche_2 {
                  FrameTransformMatrix {
                     0.948143, 0.035958, 0.315802, 0.000000,
                     0.029394, 0.979402,-0.199769, 0.000000,
                    -0.316481, 0.198692, 0.927557, 0.000000,
                    -0.000000, 0.204094, 0.000000, 1.000000;;
                  }
                  Frame Armature_arms_pouce_gauche_3 {
                    FrameTransformMatrix {
                       0.981859,-0.099932, 0.161139, 0.000000,
                       0.117298, 0.987833,-0.102112, 0.000000,
                      -0.148975, 0.119161, 0.981635, 0.000000,
                      -0.000000, 0.147964,-0.000000, 1.000000;;
                    }
                  } // End of Armature_arms_pouce_gauche_3
                } // End of Armature_arms_pouce_gauche_2
              } // End of Armature_arms_pouce_gauche_1
            } // End of Armature_arms_index_gauche_1
            Frame Armature_arms_majeure_gauche_1 {
              FrameTransformMatrix {
                 0.994984,-0.076214,-0.064794, 0.000000,
                 0.077415, 0.996867, 0.016229, 0.000000,
                 0.063354,-0.021164, 0.997767, 0.000000,
                -0.007923, 0.163554, 0.037474, 1.000000;;
              }
              Frame Armature_arms_majeure_gauche_2 {
                FrameTransformMatrix {
                   0.969881,-0.026532, 0.242128, 0.000000,
                   0.101953, 0.947002,-0.304618, 0.000000,
                  -0.221213, 0.320129, 0.921185, 0.000000,
                   0.000000, 0.275574,-0.000000, 1.000000;;
                }
                Frame Armature_arms_majeure_gauche_3 {
                  FrameTransformMatrix {
                     0.789646,-0.605052,-0.101845, 0.000000,
                     0.510077, 0.739606,-0.439094, 0.000000,
                     0.341000, 0.294780, 0.892650, 0.000000,
                     0.000000, 0.189971,-0.000000, 1.000000;;
                  }
                  Frame Armature_arms_majeure_gauche_4 {
                    FrameTransformMatrix {
                       0.998183,-0.056257, 0.021579, 0.000000,
                       0.057296, 0.997053,-0.051012, 0.000000,
                      -0.018646, 0.052155, 0.998465, 0.000000,
                       0.000000, 0.143527,-0.000000, 1.000000;;
                    }
                  } // End of Armature_arms_majeure_gauche_4
                } // End of Armature_arms_majeure_gauche_3
              } // End of Armature_arms_majeure_gauche_2
            } // End of Armature_arms_majeure_gauche_1
          } // End of Armature_arms_main_gauche
        } // End of Armature_arms_avant_bras_gauche
      } // End of Armature_arms_bras_gauche
    } // End of Armature_arms_torse
    Frame arms {
      FrameTransformMatrix {
         1.000000, 0.000000, 0.000000, 0.000000,
         0.000000, 1.000000, 0.000000, 0.000000,
         0.000000, 0.000000, 1.000000, 0.000000,
         0.000000, 0.000000, 0.000000, 1.000000;;
      }
      Mesh { // arms mesh
        2964;
        -2.884389; 0.094941;-2.225758;,
        -2.884462; 0.112947;-2.249489;,
        -2.828769; 0.202062;-2.200611;,
        -2.743549; 0.266645;-2.120137;,
        -2.759740; 0.220328;-2.116177;,
        -2.828769; 0.202062;-2.200611;,
        -2.759740; 0.220328;-2.116177;,
        -2.833881; 0.183566;-2.190857;,
        -2.828769; 0.202062;-2.200611;,
        -2.833881; 0.183566;-2.190857;,
        -2.884389; 0.094941;-2.225758;,
        -2.828769; 0.202062;-2.200611;,
        -2.933213; 0.105525;-2.191906;,
        -2.884389; 0.094941;-2.225758;,
        -2.833881; 0.183566;-2.190857;,
        -2.655545; 0.202588;-2.039852;,
        -2.759740; 0.220328;-2.116177;,
        -2.743549; 0.266645;-2.120137;,
        -2.759740; 0.220328;-2.116177;,
        -2.655545; 0.202588;-2.039852;,
        -2.837983; 0.230953;-2.097325;,
        -2.833881; 0.183566;-2.190857;,
        -2.759740; 0.220328;-2.116177;,
        -2.837983; 0.230953;-2.097325;,
        -2.892312; 0.183222;-2.152230;,
        -2.833881; 0.183566;-2.190857;,
        -2.837983; 0.230953;-2.097325;,
        -2.892312; 0.183222;-2.152230;,
        -2.933213; 0.105525;-2.191906;,
        -2.833881; 0.183566;-2.190857;,
        -2.933213; 0.105525;-2.191906;,
        -2.892312; 0.183222;-2.152230;,
        -2.946025; 0.128067;-2.208874;,
        -2.933213; 0.105525;-2.191906;,
        -2.946025; 0.128067;-2.208874;,
        -2.983157; 0.074192;-2.250145;,
        -2.963498; 0.070602;-2.240017;,
        -2.933213; 0.105525;-2.191906;,
        -2.983157; 0.074192;-2.250145;,
        -2.963498; 0.070602;-2.240017;,
        -2.884389; 0.094941;-2.225758;,
        -2.933213; 0.105525;-2.191906;,
        -2.933370; 0.063665;-2.261513;,
        -2.884389; 0.094941;-2.225758;,
        -2.963498; 0.070602;-2.240017;,
        -2.884389; 0.094941;-2.225758;,
        -2.933370; 0.063665;-2.261513;,
        -2.884462; 0.112947;-2.249489;,
        -2.933370; 0.063665;-2.261513;,
        -2.933339; 0.062888;-2.284306;,
        -2.884462; 0.112947;-2.249489;,
        -2.892312; 0.183222;-2.152230;,
        -2.903732; 0.210036;-2.167374;,
        -2.946025; 0.128067;-2.208874;,
        -2.903732; 0.210036;-2.167374;,
        -2.892312; 0.183222;-2.152230;,
        -2.837983; 0.230953;-2.097325;,
        -2.838237; 0.253394;-2.103726;,
        -2.903732; 0.210036;-2.167374;,
        -2.837983; 0.230953;-2.097325;,
        -2.743549; 0.266645;-2.120137;,
        -2.742194; 0.312929;-2.114098;,
        -2.646558; 0.301907;-2.034443;,
        -2.742194; 0.312929;-2.114098;,
        -2.743549; 0.266645;-2.120137;,
        -2.828769; 0.202062;-2.200611;,
        -2.983157; 0.074192;-2.250145;,
        -2.946025; 0.128067;-2.208874;,
        -2.979179; 0.085726;-2.261143;,
        -2.946025; 0.128067;-2.208874;,
        -2.945863; 0.145638;-2.234143;,
        -2.979179; 0.085726;-2.261143;,
        -2.937246; 0.077584;-2.288189;,
        -2.979179; 0.085726;-2.261143;,
        -2.945863; 0.145638;-2.234143;,
        -2.897897; 0.133953;-2.265175;,
        -2.937246; 0.077584;-2.288189;,
        -2.945863; 0.145638;-2.234143;,
        -2.933339; 0.062888;-2.284306;,
        -2.937246; 0.077584;-2.288189;,
        -2.897897; 0.133953;-2.265175;,
        -2.884462; 0.112947;-2.249489;,
        -2.933339; 0.062888;-2.284306;,
        -2.897897; 0.133953;-2.265175;,
        -2.828769; 0.202062;-2.200611;,
        -2.884462; 0.112947;-2.249489;,
        -2.897897; 0.133953;-2.265175;,
        -2.841245; 0.228321;-2.217072;,
        -2.828769; 0.202062;-2.200611;,
        -2.897897; 0.133953;-2.265175;,
        -2.841245; 0.228321;-2.217072;,
        -2.742194; 0.312929;-2.114098;,
        -2.828769; 0.202062;-2.200611;,
        -2.811177; 0.323957;-2.086621;,
        -2.742194; 0.312929;-2.114098;,
        -2.841245; 0.228321;-2.217072;,
        -2.742194; 0.312929;-2.114098;,
        -2.811177; 0.323957;-2.086621;,
        -2.646558; 0.301907;-2.034443;,
        -2.811177; 0.323957;-2.086621;,
        -2.711063; 0.335304;-1.983071;,
        -2.646558; 0.301907;-2.034443;,
        -2.646558; 0.301907;-2.034443;,
        -2.711063; 0.335304;-1.983071;,
        -2.554897; 0.302115;-1.944702;,
        -2.711063; 0.335304;-1.983071;,
        -2.580768; 0.354205;-1.894741;,
        -2.554897; 0.302115;-1.944702;,
        -2.554897; 0.302115;-1.944702;,
        -2.580768; 0.354205;-1.894741;,
        -2.467963; 0.367399;-1.793640;,
        -2.580768; 0.354205;-1.894741;,
        -2.633920; 0.373136;-1.814110;,
        -2.467963; 0.367399;-1.793640;,
        -2.633920; 0.373136;-1.814110;,
        -2.513732; 0.384734;-1.723740;,
        -2.467963; 0.367399;-1.793640;,
        -2.513732; 0.384734;-1.723740;,
        -2.633920; 0.373136;-1.814110;,
        -2.555005; 0.374939;-1.658848;,
        -2.786622; 0.349285;-1.913861;,
        -2.633920; 0.373136;-1.814110;,
        -2.580768; 0.354205;-1.894741;,
        -2.711063; 0.335304;-1.983071;,
        -2.786622; 0.349285;-1.913861;,
        -2.580768; 0.354205;-1.894741;,
        -2.450736; 0.305601;-1.833515;,
        -2.554897; 0.302115;-1.944702;,
        -2.467963; 0.367399;-1.793640;,
        -2.899963; 0.235658;-2.187565;,
        -2.811177; 0.323957;-2.086621;,
        -2.841245; 0.228321;-2.217072;,
        -2.897897; 0.133953;-2.265175;,
        -2.945863; 0.145638;-2.234143;,
        -2.841245; 0.228321;-2.217072;,
        -2.945863; 0.145638;-2.234143;,
        -2.899963; 0.235658;-2.187565;,
        -2.841245; 0.228321;-2.217072;,
        -2.899963; 0.235658;-2.187565;,
        -2.945863; 0.145638;-2.234143;,
        -2.946025; 0.128067;-2.208874;,
        -2.903732; 0.210036;-2.167374;,
        -2.899963; 0.235658;-2.187565;,
        -2.946025; 0.128067;-2.208874;,
        -2.899963; 0.235658;-2.187565;,
        -2.903732; 0.210036;-2.167374;,
        -2.811177; 0.323957;-2.086621;,
        -2.903732; 0.210036;-2.167374;,
        -2.838237; 0.253394;-2.103726;,
        -2.811177; 0.323957;-2.086621;,
        -2.811177; 0.323957;-2.086621;,
        -2.838237; 0.253394;-2.103726;,
        -2.911123; 0.185261;-2.170685;,
        -2.854768; 0.339448;-1.837013;,
        -2.671693; 0.360967;-1.740677;,
        -2.633920; 0.373136;-1.814110;,
        -2.786622; 0.349285;-1.913861;,
        -2.854768; 0.339448;-1.837013;,
        -2.633920; 0.373136;-1.814110;,
        -2.786622; 0.349285;-1.913861;,
        -2.885455; 0.324557;-2.033264;,
        -2.854768; 0.339448;-1.837013;,
        -2.885455; 0.324557;-2.033264;,
        -2.786622; 0.349285;-1.913861;,
        -2.711063; 0.335304;-1.983071;,
        -2.811177; 0.323957;-2.086621;,
        -2.885455; 0.324557;-2.033264;,
        -2.711063; 0.335304;-1.983071;,
        -2.811177; 0.323957;-2.086621;,
        -2.924960; 0.219398;-2.184643;,
        -2.885455; 0.324557;-2.033264;,
        -2.924960; 0.219398;-2.184643;,
        -2.811177; 0.323957;-2.086621;,
        -2.911123; 0.185261;-2.170685;,
        -2.911123; 0.185261;-2.170685;,
        -2.978011; 0.077896;-2.224175;,
        -2.924960; 0.219398;-2.184643;,
        -2.978011; 0.077896;-2.224175;,
        -2.995157; 0.098760;-2.238957;,
        -2.924960; 0.219398;-2.184643;,
        -2.995157; 0.098760;-2.238957;,
        -2.978011; 0.077896;-2.224175;,
        -3.031137; 0.011868;-2.267441;,
        -3.037128; 0.029800;-2.272904;,
        -2.995157; 0.098760;-2.238957;,
        -3.031137; 0.011868;-2.267441;,
        -3.052148; 0.113096;-2.201977;,
        -2.995157; 0.098760;-2.238957;,
        -3.037128; 0.029800;-2.272904;,
        -3.088357; 0.044223;-2.238499;,
        -3.052148; 0.113096;-2.201977;,
        -3.037128; 0.029800;-2.272904;,
        -3.052148; 0.113096;-2.201977;,
        -3.088357; 0.044223;-2.238499;,
        -3.047778; 0.096232;-2.174782;,
        -3.088357; 0.044223;-2.238499;,
        -3.089992; 0.028070;-2.224701;,
        -3.047778; 0.096232;-2.174782;,
        -3.052148; 0.113096;-2.201977;,
        -2.988069; 0.232477;-2.144551;,
        -2.924960; 0.219398;-2.184643;,
        -2.995157; 0.098760;-2.238957;,
        -3.052148; 0.113096;-2.201977;,
        -2.924960; 0.219398;-2.184643;,
        -2.924960; 0.219398;-2.184643;,
        -2.988069; 0.232477;-2.144551;,
        -2.885455; 0.324557;-2.033264;,
        -2.885455; 0.324557;-2.033264;,
        -2.988069; 0.232477;-2.144551;,
        -2.988542; 0.201398;-2.120011;,
        -2.988069; 0.232477;-2.144551;,
        -3.052148; 0.113096;-2.201977;,
        -2.988542; 0.201398;-2.120011;,
        -3.052148; 0.113096;-2.201977;,
        -3.047778; 0.096232;-2.174782;,
        -2.988542; 0.201398;-2.120011;,
        -2.908885; 0.213440;-2.038620;,
        -2.885455; 0.324557;-2.033264;,
        -2.988542; 0.201398;-2.120011;,
        -2.908885; 0.213440;-2.038620;,
        -3.009261; 0.206130;-2.137665;,
        -2.885455; 0.324557;-2.033264;,
        -3.089992; 0.028070;-2.224701;,
        -3.088357; 0.044223;-2.238499;,
        -3.037128; 0.029800;-2.272904;,
        -3.031137; 0.011868;-2.267441;,
        -3.089992; 0.028070;-2.224701;,
        -3.037128; 0.029800;-2.272904;,
        -3.065812; 0.023121;-2.212887;,
        -3.089992; 0.028070;-2.224701;,
        -3.031137; 0.011868;-2.267441;,
        -3.029685; 0.012850;-2.240448;,
        -3.065812; 0.023121;-2.212887;,
        -3.031137; 0.011868;-2.267441;,
        -3.112584;-0.015478;-2.218361;,
        -3.107965;-0.008372;-2.190487;,
        -3.142921;-0.008129;-2.158764;,
        -3.169465;-0.014388;-2.167465;,
        -3.112584;-0.015478;-2.218361;,
        -3.142921;-0.008129;-2.158764;,
        -3.112584;-0.015478;-2.218361;,
        -3.169465;-0.014388;-2.167465;,
        -3.125695;-0.002770;-2.226776;,
        -3.169465;-0.014388;-2.167465;,
        -3.173942;-0.001471;-2.182820;,
        -3.125695;-0.002770;-2.226776;,
        -3.096303; 0.121318;-2.203610;,
        -3.125695;-0.002770;-2.226776;,
        -3.173942;-0.001471;-2.182820;,
        -3.112584;-0.015478;-2.218361;,
        -3.125695;-0.002770;-2.226776;,
        -3.096303; 0.121318;-2.203610;,
        -3.073611; 0.096694;-2.187691;,
        -3.112584;-0.015478;-2.218361;,
        -3.096303; 0.121318;-2.203610;,
        -3.096303; 0.121318;-2.203610;,
        -3.027841; 0.241117;-2.150944;,
        -3.073611; 0.096694;-2.187691;,
        -3.027841; 0.241117;-2.150944;,
        -3.009261; 0.206130;-2.137665;,
        -3.073611; 0.096694;-2.187691;,
        -3.009261; 0.206130;-2.137665;,
        -3.027841; 0.241117;-2.150944;,
        -2.885455; 0.324557;-2.033264;,
        -2.963414; 0.329318;-1.952656;,
        -2.885455; 0.324557;-2.033264;,
        -3.027841; 0.241117;-2.150944;,
        -2.885455; 0.324557;-2.033264;,
        -2.963414; 0.329318;-1.952656;,
        -2.854768; 0.339448;-1.837013;,
        -2.854768; 0.339448;-1.837013;,
        -2.963414; 0.329318;-1.952656;,
        -2.892278; 0.306854;-1.745705;,
        -2.854768; 0.339448;-1.837013;,
        -2.892278; 0.306854;-1.745705;,
        -2.671693; 0.360967;-1.740677;,
        -2.892278; 0.306854;-1.745705;,
        -2.690976; 0.334054;-1.660939;,
        -2.671693; 0.360967;-1.740677;,
        -2.985744; 0.230682;-1.964634;,
        -3.086515; 0.203795;-2.057354;,
        -2.963414; 0.329318;-1.952656;,
        -3.169465;-0.014388;-2.167465;,
        -3.138225; 0.100022;-2.130833;,
        -3.173942;-0.001471;-2.182820;,
        -3.088802; 0.250888;-2.094647;,
        -2.963414; 0.329318;-1.952656;,
        -3.027841; 0.241117;-2.150944;,
        -2.963414; 0.329318;-1.952656;,
        -3.088802; 0.250888;-2.094647;,
        -2.985744; 0.230682;-1.964634;,
        -3.088802; 0.250888;-2.094647;,
        -3.083534; 0.217143;-2.069332;,
        -2.985744; 0.230682;-1.964634;,
        -3.138225; 0.100022;-2.130833;,
        -3.083534; 0.217143;-2.069332;,
        -3.088802; 0.250888;-2.094647;,
        -3.147268; 0.122988;-2.158478;,
        -3.138225; 0.100022;-2.130833;,
        -3.088802; 0.250888;-2.094647;,
        -3.138225; 0.100022;-2.130833;,
        -3.147268; 0.122988;-2.158478;,
        -3.173942;-0.001471;-2.182820;,
        -3.147268; 0.122988;-2.158478;,
        -3.096303; 0.121318;-2.203610;,
        -3.173942;-0.001471;-2.182820;,
        -3.096303; 0.121318;-2.203610;,
        -3.147268; 0.122988;-2.158478;,
        -3.088802; 0.250888;-2.094647;,
        -3.027841; 0.241117;-2.150944;,
        -3.096303; 0.121318;-2.203610;,
        -3.088802; 0.250888;-2.094647;,
        -2.633920; 0.373136;-1.814110;,
        -2.671693; 0.360967;-1.740677;,
        -2.555005; 0.374939;-1.658848;,
        -2.555005; 0.374939;-1.658848;,
        -2.671693; 0.360967;-1.740677;,
        -2.588424; 0.290946;-1.567997;,
        -2.671693; 0.360967;-1.740677;,
        -2.690976; 0.334054;-1.660939;,
        -2.588424; 0.290946;-1.567997;,
        -2.588424; 0.290946;-1.567997;,
        -2.690976; 0.334054;-1.660939;,
        -2.660033; 0.279290;-1.611130;,
        -2.660033; 0.279290;-1.611130;,
        -2.690976; 0.334054;-1.660939;,
        -2.892278; 0.306854;-1.745705;,
        -2.847518; 0.239338;-1.648110;,
        -2.660033; 0.279290;-1.611130;,
        -2.892278; 0.306854;-1.745705;,
        -2.847518; 0.239338;-1.648110;,
        -2.892278; 0.306854;-1.745705;,
        -2.978120; 0.250700;-1.743084;,
        -2.973018; 0.150125;-1.659222;,
        -2.847518; 0.239338;-1.648110;,
        -2.978120; 0.250700;-1.743084;,
        -2.978120; 0.250700;-1.743084;,
        -3.001199; 0.149900;-1.708412;,
        -2.973018; 0.150125;-1.659222;,
        -3.001199; 0.149900;-1.708412;,
        -2.978120; 0.250700;-1.743084;,
        -2.975393; 0.215317;-1.777096;,
        -2.975393; 0.215317;-1.777096;,
        -2.978120; 0.250700;-1.743084;,
        -3.037214; 0.215921;-1.897591;,
        -2.978120; 0.250700;-1.743084;,
        -3.038411; 0.274566;-1.881939;,
        -3.037214; 0.215921;-1.897591;,
        -3.037214; 0.215921;-1.897591;,
        -3.038411; 0.274566;-1.881939;,
        -3.157575; 0.205569;-1.985039;,
        -3.157575; 0.205569;-1.985039;,
        -3.038411; 0.274566;-1.881939;,
        -3.166530; 0.238274;-2.008625;,
        -3.217828; 0.108548;-2.049694;,
        -3.157575; 0.205569;-1.985039;,
        -3.166530; 0.238274;-2.008625;,
        -3.229202; 0.122010;-2.075852;,
        -3.217828; 0.108548;-2.049694;,
        -3.166530; 0.238274;-2.008625;,
        -3.217828; 0.108548;-2.049694;,
        -3.229202; 0.122010;-2.075852;,
        -3.250221; 0.034108;-2.105725;,
        -3.229202; 0.122010;-2.075852;,
        -3.179273; 0.122135;-2.124657;,
        -3.250221; 0.034108;-2.105725;,
        -3.245300; 0.019050;-2.090088;,
        -3.217828; 0.108548;-2.049694;,
        -3.250221; 0.034108;-2.105725;,
        -3.136939; 0.172076;-1.972435;,
        -3.037214; 0.215921;-1.897591;,
        -3.157575; 0.205569;-1.985039;,
        -3.136939; 0.172076;-1.972435;,
        -3.157575; 0.205569;-1.985039;,
        -3.217828; 0.108548;-2.049694;,
        -3.194089; 0.095216;-2.033764;,
        -3.136939; 0.172076;-1.972435;,
        -3.217828; 0.108548;-2.049694;,
        -3.194089; 0.095216;-2.033764;,
        -3.217828; 0.108548;-2.049694;,
        -3.245300; 0.019050;-2.090088;,
        -3.218887; 0.024110;-2.079541;,
        -3.194089; 0.095216;-2.033764;,
        -3.245300; 0.019050;-2.090088;,
        -3.179273; 0.122135;-2.124657;,
        -3.202676; 0.036169;-2.144070;,
        -3.250221; 0.034108;-2.105725;,
        -3.202676; 0.036169;-2.144070;,
        -3.179273; 0.122135;-2.124657;,
        -3.188510; 0.021844;-2.136040;,
        -3.179273; 0.122135;-2.124657;,
        -3.154004; 0.108089;-2.110928;,
        -3.188510; 0.021844;-2.136040;,
        -3.154004; 0.108089;-2.110928;,
        -3.179273; 0.122135;-2.124657;,
        -3.086515; 0.203795;-2.057354;,
        -3.179273; 0.122135;-2.124657;,
        -3.107349; 0.237259;-2.067585;,
        -3.086515; 0.203795;-2.057354;,
        -3.086515; 0.203795;-2.057354;,
        -3.107349; 0.237259;-2.067585;,
        -2.963414; 0.329318;-1.952656;,
        -3.024860; 0.322796;-1.881619;,
        -2.963414; 0.329318;-1.952656;,
        -3.107349; 0.237259;-2.067585;,
        -2.963414; 0.329318;-1.952656;,
        -3.024860; 0.322796;-1.881619;,
        -2.892278; 0.306854;-1.745705;,
        -2.892278; 0.306854;-1.745705;,
        -3.024860; 0.322796;-1.881619;,
        -2.978120; 0.250700;-1.743084;,
        -3.024860; 0.322796;-1.881619;,
        -3.038411; 0.274566;-1.881939;,
        -2.978120; 0.250700;-1.743084;,
        -3.038411; 0.274566;-1.881939;,
        -3.024860; 0.322796;-1.881619;,
        -3.166530; 0.238274;-2.008625;,
        -3.166530; 0.238274;-2.008625;,
        -3.024860; 0.322796;-1.881619;,
        -3.107349; 0.237259;-2.067585;,
        -3.166530; 0.238274;-2.008625;,
        -3.107349; 0.237259;-2.067585;,
        -3.179273; 0.122135;-2.124657;,
        -3.229202; 0.122010;-2.075852;,
        -3.166530; 0.238274;-2.008625;,
        -3.179273; 0.122135;-2.124657;,
        -3.245300; 0.019050;-2.090088;,
        -3.250221; 0.034108;-2.105725;,
        -3.202676; 0.036169;-2.144070;,
        -3.188510; 0.021844;-2.136040;,
        -3.245300; 0.019050;-2.090088;,
        -3.202676; 0.036169;-2.144070;,
        -3.245300; 0.019050;-2.090088;,
        -3.188510; 0.021844;-2.136040;,
        -3.218887; 0.024110;-2.079541;,
        -3.188510; 0.021844;-2.136040;,
        -3.183538; 0.025863;-2.109555;,
        -3.218887; 0.024110;-2.079541;,
        -3.030030; 0.076789;-2.156075;,
        -2.973233; 0.059994;-2.199620;,
        -2.975583; 0.167637;-2.103829;,
        -2.794091; 0.200961;-1.932316;,
        -2.731126; 0.188587;-1.989197;,
        -2.614450; 0.170087;-1.877671;,
        -2.570714; 0.195385;-1.939480;,
        -2.614450; 0.170087;-1.877671;,
        -2.731126; 0.188587;-1.989197;,
        -2.655545; 0.202588;-2.039852;,
        -2.570714; 0.195385;-1.939480;,
        -2.731126; 0.188587;-1.989197;,
        -2.655545; 0.202588;-2.039852;,
        -2.731126; 0.188587;-1.989197;,
        -2.837983; 0.230953;-2.097325;,
        -2.909831; 0.188504;-2.034729;,
        -2.837983; 0.230953;-2.097325;,
        -2.731126; 0.188587;-1.989197;,
        -2.837983; 0.230953;-2.097325;,
        -2.909831; 0.188504;-2.034729;,
        -2.975583; 0.167637;-2.103829;,
        -2.988542; 0.201398;-2.120011;,
        -2.975583; 0.167637;-2.103829;,
        -2.909831; 0.188504;-2.034729;,
        -2.975583; 0.167637;-2.103829;,
        -2.988542; 0.201398;-2.120011;,
        -3.047778; 0.096232;-2.174782;,
        -3.030030; 0.076789;-2.156075;,
        -2.975583; 0.167637;-2.103829;,
        -3.047778; 0.096232;-2.174782;,
        -3.030030; 0.076789;-2.156075;,
        -3.047778; 0.096232;-2.174782;,
        -3.089992; 0.028070;-2.224701;,
        -3.065812; 0.023121;-2.212887;,
        -3.030030; 0.076789;-2.156075;,
        -3.089992; 0.028070;-2.224701;,
        -3.030030; 0.076789;-2.156075;,
        -3.065812; 0.023121;-2.212887;,
        -2.973233; 0.059994;-2.199620;,
        -3.065812; 0.023121;-2.212887;,
        -3.029685; 0.012850;-2.240448;,
        -2.973233; 0.059994;-2.199620;,
        -2.973233; 0.059994;-2.199620;,
        -3.029685; 0.012850;-2.240448;,
        -2.978011; 0.077896;-2.224175;,
        -3.029685; 0.012850;-2.240448;,
        -3.031137; 0.011868;-2.267441;,
        -2.978011; 0.077896;-2.224175;,
        -2.794091; 0.200961;-1.932316;,
        -2.909831; 0.188504;-2.034729;,
        -2.731126; 0.188587;-1.989197;,
        -2.908885; 0.213440;-2.038620;,
        -2.988542; 0.201398;-2.120011;,
        -2.909831; 0.188504;-2.034729;,
        -2.909595; 0.153946;-2.146817;,
        -2.837983; 0.230953;-2.097325;,
        -2.975583; 0.167637;-2.103829;,
        -2.973233; 0.059994;-2.199620;,
        -2.909595; 0.153946;-2.146817;,
        -2.975583; 0.167637;-2.103829;,
        -2.909595; 0.153946;-2.146817;,
        -2.973233; 0.059994;-2.199620;,
        -2.978011; 0.077896;-2.224175;,
        -2.911123; 0.185261;-2.170685;,
        -2.909595; 0.153946;-2.146817;,
        -2.978011; 0.077896;-2.224175;,
        -2.909595; 0.153946;-2.146817;,
        -2.911123; 0.185261;-2.170685;,
        -2.837983; 0.230953;-2.097325;,
        -2.911123; 0.185261;-2.170685;,
        -2.838237; 0.253394;-2.103726;,
        -2.837983; 0.230953;-2.097325;,
        -3.188510; 0.021844;-2.136040;,
        -3.154004; 0.108089;-2.110928;,
        -3.183538; 0.025863;-2.109555;,
        -3.154004; 0.108089;-2.110928;,
        -3.139655; 0.095030;-2.085480;,
        -3.183538; 0.025863;-2.109555;,
